8309
9240
6607
6666
3679
5535
6897
7244
619
2803
7785
1890
7062
1996
4383
1423
9095
9489
9683
9612
1043
1698
1181
4441
9531
7284
7554
5454
5987
2202
3218
2460
9166
5452
3151
5380
8965
5303
7704
2436
6150
7457
4339
538
5929
7927
7961
2358
7086
517
522
224
1442
4944
8178
4019
9409
6708
8132
3957
2949
230
1586
9683
5996
4133
1215
6606
6632
6801
9643
5372
6655
3736
7118
7213
7443
3609
2064
2459
6060
5415
980
6156
9585
364
6565
8952
326
727
3865
5393
3919
9315
4978
1283
5363
1206
115
2650
4332
7811
9136
1594
3690
2796
510
1088
2279
5383
7785
3139
1061
7387
1172
7173
3012
9992
6299
4844
6832
8657
933
9271
5094
4567
8726
7007
3895
6099
1776
3549
262
4783
8457
3298
1307
6801
6391
934
9562
7685
5528
4016
2526
5942
3263
7887
494
8121
4904
1811
801
4503
2669
7947
7614
2933
3217
2220
7901
5073
681
3098
8905
5322
2667
8118
870
9276
6910
4996
2111
6583
2577
8808
7017
2428
3048
9597
4996
9396
9136
2577
575
5580
7796
1952
8762
2064
408
1676
4327
2595
3234
6486
3834
5656
7001
44
2672
8337
2694
4462
2699
9361
1303
5902
6571
192
7954
1940
3785
4827
8279
6187
2397
3989
670
5116
4015
6014
1071
7012
3002
8509
3632
533
5180
7757
4233
630
9819
6386
8819
9400
8290
9143
1727
2054
3880
1190
4356
8999
4946
7299
4416
5764
6670
6277
9935
5072
4592
9713
2586
6633
8458
2308
9014
3770
7940
7933
4253
5994
7036
8918
7962
9237
7175
2861
9182
9140
4325
2755
7903
7931
6578
2287
688
2960
5704
6896
9180
867
2210
5822
6524
8366
3036
1308
3016
1018
6582
1420
7274
6811
5383
8014
2126
5705
5038
9671
3621
6605
7492
7034
3049
2996
3214
9957
4635
5379
9102
1739
4120
407
6504
7529
4202
7223
9570
4295
8603
6729
5077
5614
3844
2333
1073
9552
4515
3850
2844
5416
4987
5203
7306
2479
53
3862
9513
5992
2357
7985
7684
2633
1911
3249
1543
7366
1896
7816
8066
716
9297
9306
3366
3078
2942
2820
2780
2272
669
4810
3781
5782
1970
7388
6236
8951
2248
4852
1176
2988
3169
2078
7069
1919
6862
5940
6898
2921
1322
5397
4654
860
6048
1490
9116
7658
6078
8693
5885
3376
7985
5598
5676
6435
2367
2507
4460
5685
5252
6579
3134
9636
5892
1903
1551
816
6512
933
4974
4918
723
9923
3724
4301
2492
1588
5915
364
3926
3634
6153
6823
6386
6057
7878
1732
4006
9716
8528
5710
9151
2166
7664
5877
1298
7878
6685
8688
4113
8872
191
8545
6633
9428
6798
275
8551
9958
8649
2962
4507
3473
1970
7318
5492
8480
9014
9598
9147
2875
506
1237
4508
450
9777
9620
4175
6521
6763
3396
4181
1744
8072
1741
8126
2910
8234
9952
3383
7274
3415
6734
4720
7125
5341
7827
1180
2391
2049
2259
7698
5860
8384
9151
6752
8235
8070
1059
735
7931
2765
9839
9041
7650
7133
7552
3511
1700
7666
7835
1247
2516
6523
9893
8011
5202
2255
7378
6749
1169
1978
9384
5534
8100
613
1119
750
6004
2723
8695
5637
9152
727
7702
200
2786
2435
1676
9511
4682
3868
4213
2948
5449
3433
1931
6334
7980
9914
1557
9835
7491
3526
2737
6356
4173
6492
3801
106
2562
7195
5652
2470
381
5997
3868
6254
6803
5582
9623
2884
2132
1706
7700
3976
6237
5829
8500
958
2792
9828
355
1354
481
664
2161
4056
3637
7867
6386
6776
1369
1667
4046
3974
9876
6963
2149
5496
8090
7329
691
64
7047
386
8700
6337
2132
1473
3236
5679
5368
6815
701
2767
7342
2357
6734
7677
4783
9493
6461
7981
3100
5582
9657
9241
9019
205
9446
585
3499
2992
1685
5472
6853
3159
8479
6131
8593
1252
4575
4405
5074
8337
2713
5373
2927
256
9131
6889
6991
9773
1326
7084
7200
7344
6409
1602
6885
5935
5698
9813
4217
9521
4753
7032
7204
76
3780
5888
3017
2512
5049
4803
569
2573
4155
3464
5544
4382
5163
4638
7833
2873
2234
953
2233
9598
5873
791
6853
4045
2030
6656
1497
2661
5771
4940
5207
6679
540
7006
8304
8777
8277
4430
1121
7766
486
5861
9068
7106
8292
3969
7826
7548
6773
344
7243
6124
7271
4842
9090
3148
9037
7807
543
6738
5095
9279
8386
7611
8701
2464
4441
5892
201
7514
2814
1010
8670
4007
8464
9713
2952
1894
5468
6538
6881
5822
8137
6077
2621
863
8701
3742
563
3141
9534
8988
7913
2902
9433
5228
8827
2475
4521
4276
8135
571
2420
1252
1848
2914
9720
9023
6508
8496
8989
7142
4196
5758
9671
4566
6985
4604
7883
9096
3973
3222
6811
5686
4261
2213
4928
9614
3449
5697
9715
5039
7588
8676
4152
4447
599
3386
3319
4831
8261
3909
7432
1414
1842
3644
698
442
77
4291
2929
8366
6855
9687
7914
5
6878
5792
4316
1573
235
9864
444
3142
8789
4218
3260
921
9663
3316
242
5526
6949
4167
9393
6717
4494
8301
7590
4078
7566
3402
7921
6484
1035
4922
6062
9085
8602
4698
3791
4453
694
7971
9208
655
1788
9010
7110
7829
4773
8499
8797
4647
1793
5883
9340
4959
3948
1508
5647
5061
2928
2163
7761
2639
3159
165
8844
1760
2187
1560
2335
5297
2717
8343
8794
3534
7758
5229
2025
7351
476
8875
331
7254
1085
7908
7806
9488
1201
2309
5848
6356
9799
2450
7060
4705
3391
8300
3064
3749
6151
1215
4287
7407
4884
7559
7560
7542
7919
7970
5977
6339
9833
6992
9425
1016
2428
1000
4697
4180
4032
4149
5942
9199
2183
3437
5663
384
4326
5073
9317
6318
1968
5664
6083
2482
16
87
9139
8652
3123
6611
4219
7229
7935
3783
5666
7105
1604
6233
2019
3967
9214
9494
6061
6217
1508
9558
6260
7934
2624
5018
1896
3103
1883
6946
4943
4863
3316
4299
6530
2451
4845
4966
753
4872
3523
3731
7204
9332
1064
3180
4991
6613
8462
5662
6784
3654
4241
3826
8760
3616
2610
8491
5028
669
3612
6071
1592
8184
3413
2488
1543
2752
9411
2141
1937
5578
3608
185
2232
4166
7179
5205
5409
4042
1716
6113
3492
9803
132
7109
9456
8731
831
8950
3375
1548
119
9061
2352
9538
7046
1857
391
2726
7400
6764
8493
9366
6194
1819
5909
7914
771
8855
7997
1394
7813
9425
7885
5372
2640
2755
5999
7009
7996
9473
5210
207
8992
9053
685
641
2876
3034
181
2538
7103
985
8843
2544
6822
8303
8845
4917
7202
3208
5223
98
6132
3748
2014
3708
8232
1775
7177
7960
5515
3151
1756
2442
7019
9030
4450
153
9194
5224
8710
4095
6813
3238
1790
8092
631
3592
8197
1018
701
602
1588
428
7398
7037
2188
4719
1649
2302
2146
4210
9427
5428
5543
2162
9643
2499
4371
5582
4276
6861
7054
9466
9399
792
1338
959
8122
5595
6000
8046
6488
5442
9078
9157
8286
4657
2810
3243
7072
1620
6350
6565
9862
2213
1280
2539
9398
3031
5652
2948
6863
7503
9104
1134
1119
3891
52
2923
7378
7115
4436
5461
2535
2627
3859
1153
2352
1826
9021
2865
9031
3285
418
9540
6008
5333
4810
904
5567
3527
7017
4960
9534
4402
1073
7552
8138
4139
5358
485
1875
8700
4818
6530
5486
4867
6014
532
2065
726
2105
6087
171
8581
6688
2722
4861
2824
6458
9902
5401
6087
199
6004
1141
3832
9957
8772
108
835
2638
3393
7330
6290
8929
8153
9857
4340
6875
5891
6341
4209
6402
9937
5920
6839
6958
4373
9114
6690
4228
3200
9529
8091
2385
3077
2137
2647
9007
205
4153
2496
1255
659
5202
2657
7715
4271
1396
4875
7518
6848
1758
3349
7099
8738
4250
912
2319
3680
6003
9832
8684
7459
7843
646
874
7048
1790
5394
5940
2687
5797
9030
77
4383
6999
3646
573
88
7371
1308
8620
4673
2114
9720
6953
1519
1404
4212
7047
7015
5418
2461
7685
4394
2284
2301
6104
4447
4518
1790
9096
6207
5011
41
3236
378
2406
5501
930
951
1961
8411
7703
1512
5301
5149
2815
5627
956
2087
8106
7437
8982
9445
100
1802
8470
660
5118
5952
7304
7870
2558
5345
3673
9197
1728
5526
2931
4160
5367
160
4804
4299
7749
5466
8394
6200
9330
4987
7885
9228
9644
2664
6360
1605
188
2790
3158
8319
4353
4445
7157
5606
4763
9320
8138
9317
7958
9240
3841
1181
7024
3192
2062
9761
7913
2508
8437
7086
5270
2803
5042
2360
8642
4523
9158
4416
4738
5859
3247
8466
4627
8955
5891
3626
7955
104
5929
2582
7064
8949
3380
8919
1728
35
7004
1121
887
5184
7659
2
8671
4182
6529
2607
1775
2410
164
1482
2634
8597
4391
3040
5450
5343
8726
3567
3705
1495
9435
5108
1196
623
9456
7746
3821
6644
2978
4559
3315
748
4383
9304
1088
6168
8860
2197
854
7977
6389
3655
3399
6815
1969
1502
585
1100
4656
1175
4818
7190
5477
291
3269
7804
9962
2531
2936
6272
6021
1134
145
786
8501
8645
1597
7566
9048
4494
3005
5020
9485
2924
8430
3653
9904
3920
6707
4197
4312
3049
1537
4300
8233
9222
7319
7550
5030
8444
6840
858
6215
7044
5686
4744
8866
59
6140
4283
5065
2013
3064
471
7120
1004
7427
4124
2666
1018
4142
512
1455
2710
364
5978
4524
9874
1990
3946
4807
1443
6975
535
2205
2563
2244
4001
3481
4257
3087
133
4035
5063
6249
8702
4435
1755
8329
7736
2401
3135
1502
9887
9147
8676
3652
311
434
4299
9671
4885
113
9964
4657
7658
8234
8239
3585
5376
4319
9208
4155
3837
9290
6480
4821
3413
1994
9374
8117
5740
3034
5204
9829
1720
4144
6326
880
1028
2303
4597
6060
1938
377
7642
9044
7192
692
7886
6912
9659
471
5350
3299
5273
9618
8876
4065
5536
9224
2040
9691
6460
5722
5229
649
942
9600
3648
7042
8
2582
1364
9979
9732
8914
769
2218
8788
3406
8690
1557
5093
6742
2733
3660
3325
4671
7038
496
483
705
2285
7854
3357
3027
4190
6092
820
9666
1735
9071
7957
2765
6443
4423
2193
7504
5141
4983
6291
9867
8385
9716
1297
575
3028
8970
6620
2564
2843
6694
2354
7946
7537
435
4819
6474
5803
356
3456
7783
909
331
8639
2247
1807
1508
9099
1832
3866
4369
6105
9617
3869
2130
7205
9014
8876
176
2235
3639
1672
2823
9377
9542
7129
9454
2225
9043
3239
4996
8853
4181
4312
6777
1291
2247
7204
2438
456
5277
2805
1962
5689
610
7834
3105
4964
1296
8107
4771
6333
2762
9574
8423
5236
6697
3256
7426
7852
7393
5575
4608
6279
4368
5356
8366
6701
8499
5822
2993
8475
4516
6969
9238
6455
3043
2382
2247
6914
5936
9892
6743
1959
2387
7356
2778
9056
9016
5698
2772
103
1866
8623
1885
554
8571
6284
5901
9464
8989
8721
9578
1832
2656
6315
8314
2200
6457
6043
1063
7587
747
5627
175
524
9556
4460
1909
6679
246
5900
4952
1415
4321
5363
8461
1570
1370
5068
8539
2272
6826
8096
2675
370
3110
8029
9818
1936
8294
502
7093
9723
3827
2837
7120
3153
9074
2604
2251
6014
6872
1160
9521
7951
6457
5350
6902
9554
9442
8000
7548
6250
3566
9440
6146
1135
6536
4565
1466
1906
207
4371
3861
1662
5471
1909
9934
9369
8049
5437
7312
5562
5025
4540
3988
5620
3272
9262
5898
9104
4086
8860
8148
4266
6845
5237
8650
9314
1357
2630
9293
8355
8647
1254
9292
3344
7521
7615
2604
8473
6469
1734
2088
2413
4710
6764
7109
6122
2528
6749
6479
2607
106
8245
3830
2179
9291
3778
2671
3343
7078
3461
9592
9478
8612
9330
6300
8149
7293
6295
4527
6244
5506
9066
9383
7084
6810
6538
7095
131
8294
8743
489
6899
5699
2174
2534
5642
3628
7885
7429
7626
4154
1349
9855
15
1673
7117
3611
4289
5303
5938
4347
1759
1036
8300
241
4172
9297
7340
5279
8758
1567
1186
2090
256
6116
3692
5178
6850
8116
9560
3985
8471
4762
9674
1365
1252
810
745
3340
2984
6612
9219
9763
3182
3943
7649
4651
5375
6352
1798
2208
9429
9421
368
9527
859
9154
1857
628
1184
3591
3608
8821
2234
1884
2616
8911
5542
7642
8234
7043
8894
8680
5790
1996
6244
4694
2125
7991
8219
6426
9834
3663
868
9365
775
8149
4646
1712
7379
1273
2167
8264
4609
439
7495
8483
6132
9440
8140
3886
1766
2052
5447
2022
7528
1753
6421
1999
6196
1403
8082
5235
9694
7472
8984
6938
8057
5574
5462
8179
5637
2204
6188
9405
9894
6314
9570
2148
4609
9726
8951
2379
5999
3571
3495
2786
7620
7839
4614
2084
9961
1674
5114
5808
9333
7415
6309
8386
5450
8944
5663
6238
9996
6530
6482
9256
7900
5570
4463
5378
9491
1082
1470
435
6154
3541
146
833
726
1986
8283
299
417
5864
8917
8869
2323
9687
9646
3872
8976
1606
8885
37
1563
9711
2414
5950
5224
1075
9618
8626
3582
3099
3651
1147
6731
5132
9164
9734
4274
2678
8103
502
8000
3561
4473
7700
8717
3877
4920
2119
9725
3773
8812
3357
182
8262
3299
9603
7979
6433
591
8855
151
4419
4074
9591
4582
1310
5322
517
8125
1422
5359
3258
106
354
3128
4980
3254
9076
9286
4781
7638
2487
921
9321
2817
1948
2246
3404
7532
9569
9930
4629
289
7127
872
7915
3438
7262
2766
9091
1722
5439
3910
5339
4354
8933
9416
6918
6514
7337
5037
4804
4127
5689
350
4701
3985
4933
9003
9883
4046
9446
3735
1185
608
890
9712
7227
1033
1360
7597
4707
3261
1852
2209
861
718
5880
3756
9376
8133
2264
768
3714
9964
1000
9920
5230
872
7716
2821
5829
7108
9379
4202
2030
2841
8817
9015
9179
7673
2824
5276
4810
4459
5467
7875
5492
6096
9726
167
3989
7428
7525
2452
7481
2832
3063
1572
1856
9693
3438
680
4141
5251
6190
8776
6065
9183
496
1521
1646
5523
7787
6701
5515
167
2765
6913
4996
3165
235
4335
8970
9730
6163
12
1182
6496
9386
2540
6245
7537
1319
7417
2569
9583
3243
8115
1101
3190
2971
2145
8698
3114
4891
9253
4826
1701
2073
2782
9680
856
723
7623
9106
1075
4294
7453
5077
6928
5557
5773
884
2762
3650
2972
5740
91
7436
1616
9382
1010
6197
7724
7362
436
5646
5561
5948
5017
1825
7407
9406
6279
7947
9683
3010
6716
68
1194
7586
7348
3548
2508
174
9931
3444
3300
4073
4300
7510
7028
1265
3576
1970
7509
6793
9251
7831
8987
6164
5432
8650
1095
4624
1100
7733
4183
6989
9872
2543
1960
4281
224
7508
7067
2489
2472
1169
9477
5046
2935
6174
9633
7249
1835
9096
9200
1668
1420
4730
1441
2167
5173
5319
2507
1500
1132
4663
7719
4280
6067
3132
3930
1070
9943
1823
2192
2409
5302
4844
6693
9573
893
6247
5404
59
1183
1081
4915
3255
434
1883
5197
2712
4900
7693
3199
2244
2139
8308
2791
9013
5001
2366
9333
564
4334
2083
2813
9312
2328
8282
2373
7099
8757
4405
2906
8594
2585
7370
7967
4839
3787
3310
2453
5020
5353
1408
8310
9533
2621
8928
2074
1211
9895
1930
3005
5473
7673
4659
9544
3333
2290
926
1500
7564
5010
5164
6333
2058
3708
7230
667
7526
5849
7960
1595
2150
1897
6739
196
9659
3637
7151
5942
2603
7888
6612
5093
1527
9964
2835
3316
6025
6648
1246
4699
9372
7975
8000
2843
4072
2284
4218
4680
4872
6993
1979
1333
7770
263
7804
910
3538
5608
2981
8446
5499
8856
6111
81
8252
3930
5207
4196
9218
2159
9020
5289
3423
8473
4709
7366
9663
5837
4370
7821
723
5927
4045
470
1901
4248
8860
9384
1862
2154
8791
3846
4239
3524
5696
5846
3042
9224
4276
6078
6692
90
4828
2744
6665
3004
8016
3476
4132
5396
7673
5291
4922
6511
7329
4721
8514
5422
1434
1109
8923
95
4471
8083
8746
4455
1435
7144
2958
8938
4476
3525
1457
5533
7491
652
5358
3187
5011
919
6554
2052
1380
7353
1297
6844
7227
124
4237
6687
2184
8873
5301
2714
4683
663
1616
1877
5091
2778
1716
2388
6069
972
9392
4301
2357
1914
6098
5732
84
2725
9749
3729
6727
2265
7163
6483
3967
6058
7027
6078
3354
3418
2744
1072
3670
4199
7301
7794
7245
849
4392
3850
2802
2329
2114
861
8486
3013
6552
417
3494
3697
6650
8576
3717
8479
6990
6872
5570
3231
8648
4288
8566
8537
615
8581
5004
4487
8479
339
8317
9568
30
9327
3671
7263
4461
3729
2089
4594
5718
6847
2141
110
5021
1140
3907
4816
2044
3423
1910
4798
8062
8920
6590
6236
3720
7277
9713
9995
5327
9243
390
8732
9258
2104
5880
2610
3909
5677
6163
2053
238
1921
3406
1746
6688
8945
437
4352
554
940
8321
6093
5932
4218
470
8215
7101
1004
4874
7
363
3310
6253
2296
8864
7145
1641
7766
7293
454
9079
8785
6726
8781
1051
8896
3369
6315
5934
7362
6684
7042
4886
2079
2723
5642
3812
7277
8571
6517
2345
5008
7814
5361
8166
4441
8675
3462
3599
4127
3129
8783
3962
9450
3664
8357
7850
8875
6060
9543
4963
6906
3542
2454
7849
1528
633
8285
9578
2371
918
813
7028
4776
6789
2822
6548
7426
1753
6146
5980
2288
3934
2764
2432
5893
257
6862
4862
2921
4668
2008
3527
8061
9596
5772
494
8108
9121
5
9708
9085
7378
2600
6334
4132
7227
3091
6764
4008
5124
2723
9654
1407
8735
7794
77
5782
9453
5884
6491
829
8509
6994
6640
8031
4658
7800
1546
2655
7904
3817
8192
1886
9491
3642
7163
985
5996
3596
161
7054
7354
6587
2096
7263
2880
5459
5348
5792
8728
2195
5845
571
4212
9641
4832
8963
7260
9421
9391
2357
6393
4170
9544
5466
6333
8839
9631
